{
    "animation": [
        {
            "name": "Root",
            "time": [1.3333, 1.35, 1.3667, 1.3833, 1.4, 1.4167, 1.4333, 1.45, 1.4667, 1.4833, 1.5, 1.5167, 1.5333, 1.55, 1.5667, 1.5833, 1.6, 1.6167, 1.6333, 1.65, 1.6667, 1.6833, 1.7, 1.7167, 1.7333, 1.75, 1.7667, 1.7833, 1.8, 1.8167, 1.8333, 1.85, 1.8667, 1.8833, 1.9, 1.9167, 1.9333, 1.95, 1.9667, 1.9833, 2.0, 2.0167, 2.0333, 2.05, 2.0667, 2.0833, 2.1, 2.1167, 2.1333, 2.15, 2.1667, 2.1833, 2.2, 2.2167, 2.2333, 2.25, 2.2667, 2.2833, 2.3, 2.3167, 2.3333, 2.35, 2.3667, 2.3833, 2.4, 2.4167, 2.4333, 2.45, 2.4667, 2.4833, 2.5, 2.5167, 2.5333, 2.55, 2.5667, 2.5833, 2.6, 2.6167, 2.6333, 2.65, 2.6667],
            "transform": [
                [0.999942, -0.0, 0.010809, -5e-06, 0.010799, 0.043539, -0.998993, 0.000946, -0.000471, 0.999052, 0.043537, 0.704597, 0.0, 0.0, 0.0, 1.0],
                [0.999942, -0.0, 0.010809, -5e-06, 0.010799, 0.043539, -0.998993, 0.000946, -0.000471, 0.999052, 0.043537, 0.698064, 0.0, 0.0, 0.0, 1.0],
                [0.999942, -0.0, 0.010809, -5e-06, 0.010799, 0.043539, -0.998993, 0.000946, -0.000471, 0.999052, 0.043537, 0.691533, 0.0, 0.0, 0.0, 1.0],
                [0.999942, -0.0, 0.010809, -5e-06, 0.010799, 0.043539, -0.998993, 0.000946, -0.000471, 0.999052, 0.043537, 0.685165, 0.0, 0.0, 0.0, 1.0],
                [0.999942, -0.0, 0.010809, -5e-06, 0.010799, 0.043539, -0.998993, 0.000946, -0.000471, 0.999052, 0.043537, 0.679122, 0.0, 0.0, 0.0, 1.0],
                [0.999942, -0.0, 0.010809, -5e-06, 0.010799, 0.043539, -0.998993, 0.000946, -0.000471, 0.999052, 0.043537, 0.673565, 0.0, 0.0, 0.0, 1.0],
                [0.999942, -0.0, 0.010809, -5e-06, 0.010799, 0.043539, -0.998993, 0.000946, -0.000471, 0.999052, 0.043537, 0.668656, 0.0, 0.0, 0.0, 1.0],
                [0.999942, -0.0, 0.010809, -5e-06, 0.010799, 0.043539, -0.998993, 0.000946, -0.000471, 0.999052, 0.043537, 0.664557, 0.0, 0.0, 0.0, 1.0],
                [0.999942, -0.0, 0.010809, -5e-06, 0.010799, 0.043539, -0.998993, 0.000946, -0.000471, 0.999052, 0.043537, 0.661428, 0.0, 0.0, 0.0, 1.0],
                [0.999942, -0.0, 0.010809, -5e-06, 0.010799, 0.043539, -0.998993, 0.000946, -0.000471, 0.999052, 0.043537, 0.659433, 0.0, 0.0, 0.0, 1.0],
                [0.999942, -0.0, 0.010809, -5e-06, 0.010799, 0.043539, -0.998993, 0.000946, -0.000471, 0.999052, 0.043537, 0.658732, 0.0, 0.0, 0.0, 1.0],
                [0.999942, -0.0, 0.010809, -5e-06, 0.010799, 0.043539, -0.998993, 0.000946, -0.000471, 0.999052, 0.043537, 0.660451, 0.0, 0.0, 0.0, 1.0],
                [0.999942, -0.0, 0.010809, -5e-06, 0.010799, 0.043539, -0.998993, 0.000946, -0.000471, 0.999052, 0.043537, 0.665172, 0.0, 0.0, 0.0, 1.0],
                [0.999942, -0.0, 0.010809, -5e-06, 0.010799, 0.043539, -0.998993, 0.000946, -0.000471, 0.999052, 0.043537, 0.67224, 0.0, 0.0, 0.0, 1.0],
                [0.999942, -0.0, 0.010809, -5e-06, 0.010799, 0.043539, -0.998993, 0.000946, -0.000471, 0.999052, 0.043537, 0.681, 0.0, 0.0, 0.0, 1.0],
                [0.999942, -0.0, 0.010809, -5e-06, 0.010799, 0.043539, -0.998993, 0.000946, -0.000471, 0.999052, 0.043537, 0.690797, 0.0, 0.0, 0.0, 1.0],
                [0.999942, -0.0, 0.010809, -5e-06, 0.010799, 0.043539, -0.998993, 0.000946, -0.000471, 0.999052, 0.043537, 0.700975, 0.0, 0.0, 0.0, 1.0],
                [0.999942, -0.0, 0.010809, -5e-06, 0.010799, 0.043539, -0.998993, 0.000946, -0.000471, 0.999052, 0.043537, 0.71088, 0.0, 0.0, 0.0, 1.0],
                [0.999942, -0.0, 0.010809, -5e-06, 0.010799, 0.043539, -0.998993, 0.000946, -0.000471, 0.999052, 0.043537, 0.719856, 0.0, 0.0, 0.0, 1.0],
                [0.999942, -0.0, 0.010809, -5e-06, 0.010799, 0.043539, -0.998993, 0.000946, -0.000471, 0.999052, 0.043537, 0.727249, 0.0, 0.0, 0.0, 1.0],
                [0.999942, -0.0, 0.010809, -5e-06, 0.010799, 0.043539, -0.998993, 0.000946, -0.000471, 0.999052, 0.043537, 0.732403, 0.0, 0.0, 0.0, 1.0],
                [0.999942, -0.0, 0.010809, -5e-06, 0.010799, 0.043539, -0.998993, 0.000946, -0.000471, 0.999052, 0.043537, 0.73585, 0.0, 0.0, 0.0, 1.0],
                [0.999942, -0.0, 0.010809, -5e-06, 0.010799, 0.043539, -0.998993, 0.000946, -0.000471, 0.999052, 0.043537, 0.738611, 0.0, 0.0, 0.0, 1.0],
                [0.999942, -0.0, 0.010809, -5e-06, 0.010799, 0.043539, -0.998993, 0.000946, -0.000471, 0.999052, 0.043537, 0.74076, 0.0, 0.0, 0.0, 1.0],
                [0.999942, -0.0, 0.010809, -5e-06, 0.010799, 0.043539, -0.998993, 0.000946, -0.000471, 0.999052, 0.043537, 0.742376, 0.0, 0.0, 0.0, 1.0],
                [0.999942, -0.0, 0.010809, -5e-06, 0.010799, 0.043539, -0.998993, 0.000946, -0.000471, 0.999052, 0.043537, 0.743533, 0.0, 0.0, 0.0, 1.0],
                [0.999942, -0.0, 0.010809, -5e-06, 0.010799, 0.043539, -0.998993, 0.000946, -0.000471, 0.999052, 0.043537, 0.744309, 0.0, 0.0, 0.0, 1.0],
                [0.999942, -0.0, 0.010809, -5e-06, 0.010799, 0.043539, -0.998993, 0.000946, -0.000471, 0.999052, 0.043537, 0.74478, 0.0, 0.0, 0.0, 1.0],
                [0.999942, -0.0, 0.010809, -5e-06, 0.010799, 0.043539, -0.998993, 0.000946, -0.000471, 0.999052, 0.043537, 0.745022, 0.0, 0.0, 0.0, 1.0],
                [0.999942, -0.0, 0.010809, -5e-06, 0.010799, 0.043539, -0.998993, 0.000946, -0.000471, 0.999052, 0.043537, 0.745111, 0.0, 0.0, 0.0, 1.0],
                [0.999942, -0.0, 0.010809, -5e-06, 0.010799, 0.043539, -0.998993, 0.000946, -0.000471, 0.999052, 0.043537, 0.745124, 0.0, 0.0, 0.0, 1.0],
                [0.999942, -0.0, 0.010809, -5e-06, 0.010799, 0.043539, -0.998993, 0.000946, -0.000471, 0.999052, 0.043537, 0.744572, 0.0, 0.0, 0.0, 1.0],
                [0.999942, -0.0, 0.010809, -5e-06, 0.010799, 0.043539, -0.998993, 0.000946, -0.000471, 0.999052, 0.043537, 0.742982, 0.0, 0.0, 0.0, 1.0],
                [0.999942, -0.0, 0.010809, -5e-06, 0.010799, 0.043539, -0.998993, 0.000946, -0.000471, 0.999052, 0.043537, 0.740452, 0.0, 0.0, 0.0, 1.0],
                [0.999942, -0.0, 0.010809, -5e-06, 0.010799, 0.043539, -0.998993, 0.000946, -0.000471, 0.999052, 0.043537, 0.737078, 0.0, 0.0, 0.0, 1.0],
                [0.999942, -0.0, 0.010809, -5e-06, 0.010799, 0.043539, -0.998993, 0.000946, -0.000471, 0.999052, 0.043537, 0.732959, 0.0, 0.0, 0.0, 1.0],
                [0.999942, -0.0, 0.010809, -5e-06, 0.010799, 0.043539, -0.998993, 0.000946, -0.000471, 0.999052, 0.043537, 0.728193, 0.0, 0.0, 0.0, 1.0],
                [0.999942, -0.0, 0.010809, -5e-06, 0.010799, 0.043539, -0.998993, 0.000946, -0.000471, 0.999052, 0.043537, 0.722875, 0.0, 0.0, 0.0, 1.0],
                [0.999942, -0.0, 0.010809, -5e-06, 0.010799, 0.043539, -0.998993, 0.000946, -0.000471, 0.999052, 0.043537, 0.717105, 0.0, 0.0, 0.0, 1.0],
                [0.999942, -0.0, 0.010809, -5e-06, 0.010799, 0.043539, -0.998993, 0.000946, -0.000471, 0.999052, 0.043537, 0.71098, 0.0, 0.0, 0.0, 1.0],
                [0.999942, -0.0, 0.010809, -5e-06, 0.010799, 0.043539, -0.998993, 0.000946, -0.000471, 0.999052, 0.043537, 0.704597, 0.0, 0.0, 0.0, 1.0],
                [0.999942, -0.0, 0.010809, -5e-06, 0.010799, 0.043539, -0.998993, 0.000946, -0.000471, 0.999052, 0.043537, 0.698064, 0.0, 0.0, 0.0, 1.0],
                [0.999942, -0.0, 0.010809, -5e-06, 0.010799, 0.043539, -0.998993, 0.000946, -0.000471, 0.999052, 0.043537, 0.691533, 0.0, 0.0, 0.0, 1.0],
                [0.999942, -0.0, 0.010809, -5e-06, 0.010799, 0.043539, -0.998993, 0.000946, -0.000471, 0.999052, 0.043537, 0.685165, 0.0, 0.0, 0.0, 1.0],
                [0.999942, -0.0, 0.010809, -5e-06, 0.010799, 0.043539, -0.998993, 0.000946, -0.000471, 0.999052, 0.043537, 0.679122, 0.0, 0.0, 0.0, 1.0],
                [0.999942, -0.0, 0.010809, -5e-06, 0.010799, 0.043539, -0.998993, 0.000946, -0.000471, 0.999052, 0.043537, 0.673565, 0.0, 0.0, 0.0, 1.0],
                [0.999942, -0.0, 0.010809, -5e-06, 0.010799, 0.043539, -0.998993, 0.000946, -0.000471, 0.999052, 0.043537, 0.668656, 0.0, 0.0, 0.0, 1.0],
                [0.999942, -0.0, 0.010809, -5e-06, 0.010799, 0.043539, -0.998993, 0.000946, -0.000471, 0.999052, 0.043537, 0.664557, 0.0, 0.0, 0.0, 1.0],
                [0.999942, -0.0, 0.010809, -5e-06, 0.010799, 0.043539, -0.998993, 0.000946, -0.000471, 0.999052, 0.043537, 0.661428, 0.0, 0.0, 0.0, 1.0],
                [0.999942, -0.0, 0.010809, -5e-06, 0.010799, 0.043539, -0.998993, 0.000946, -0.000471, 0.999052, 0.043537, 0.659433, 0.0, 0.0, 0.0, 1.0],
                [0.999942, -0.0, 0.010809, -5e-06, 0.010799, 0.043539, -0.998993, 0.000946, -0.000471, 0.999052, 0.043537, 0.658732, 0.0, 0.0, 0.0, 1.0],
                [0.999942, -0.0, 0.010809, -5e-06, 0.010799, 0.043539, -0.998993, 0.000946, -0.000471, 0.999052, 0.043537, 0.660451, 0.0, 0.0, 0.0, 1.0],
                [0.999942, -0.0, 0.010809, -5e-06, 0.010799, 0.043539, -0.998993, 0.000946, -0.000471, 0.999052, 0.043537, 0.665172, 0.0, 0.0, 0.0, 1.0],
                [0.999942, -0.0, 0.010809, -5e-06, 0.010799, 0.043539, -0.998993, 0.000946, -0.000471, 0.999052, 0.043537, 0.67224, 0.0, 0.0, 0.0, 1.0],
                [0.999942, -0.0, 0.010809, -5e-06, 0.010799, 0.043539, -0.998993, 0.000946, -0.000471, 0.999052, 0.043537, 0.681, 0.0, 0.0, 0.0, 1.0],
                [0.999942, -0.0, 0.010809, -5e-06, 0.010799, 0.043539, -0.998993, 0.000946, -0.000471, 0.999052, 0.043537, 0.690797, 0.0, 0.0, 0.0, 1.0],
                [0.999942, -0.0, 0.010809, -5e-06, 0.010799, 0.043539, -0.998993, 0.000946, -0.000471, 0.999052, 0.043537, 0.700975, 0.0, 0.0, 0.0, 1.0],
                [0.999942, -0.0, 0.010809, -5e-06, 0.010799, 0.043539, -0.998993, 0.000946, -0.000471, 0.999052, 0.043537, 0.71088, 0.0, 0.0, 0.0, 1.0],
                [0.999942, -0.0, 0.010809, -5e-06, 0.010799, 0.043539, -0.998993, 0.000946, -0.000471, 0.999052, 0.043537, 0.719856, 0.0, 0.0, 0.0, 1.0],
                [0.999942, -0.0, 0.010809, -5e-06, 0.010799, 0.043539, -0.998993, 0.000946, -0.000471, 0.999052, 0.043537, 0.727249, 0.0, 0.0, 0.0, 1.0],
                [0.999942, -0.0, 0.010809, -5e-06, 0.010799, 0.043539, -0.998993, 0.000946, -0.000471, 0.999052, 0.043537, 0.732403, 0.0, 0.0, 0.0, 1.0],
                [0.999942, -0.0, 0.010809, -5e-06, 0.010799, 0.043539, -0.998993, 0.000946, -0.000471, 0.999052, 0.043537, 0.73585, 0.0, 0.0, 0.0, 1.0],
                [0.999942, -0.0, 0.010809, -5e-06, 0.010799, 0.043539, -0.998993, 0.000946, -0.000471, 0.999052, 0.043537, 0.738611, 0.0, 0.0, 0.0, 1.0],
                [0.999942, -0.0, 0.010809, -5e-06, 0.010799, 0.043539, -0.998993, 0.000946, -0.000471, 0.999052, 0.043537, 0.74076, 0.0, 0.0, 0.0, 1.0],
                [0.999942, -0.0, 0.010809, -5e-06, 0.010799, 0.043539, -0.998993, 0.000946, -0.000471, 0.999052, 0.043537, 0.742376, 0.0, 0.0, 0.0, 1.0],
                [0.999942, -0.0, 0.010809, -5e-06, 0.010799, 0.043539, -0.998993, 0.000946, -0.000471, 0.999052, 0.043537, 0.743533, 0.0, 0.0, 0.0, 1.0],
                [0.999942, -0.0, 0.010809, -5e-06, 0.010799, 0.043539, -0.998993, 0.000946, -0.000471, 0.999052, 0.043537, 0.744309, 0.0, 0.0, 0.0, 1.0],
                [0.999942, -0.0, 0.010809, -5e-06, 0.010799, 0.043539, -0.998993, 0.000946, -0.000471, 0.999052, 0.043537, 0.74478, 0.0, 0.0, 0.0, 1.0],
                [0.999942, -0.0, 0.010809, -5e-06, 0.010799, 0.043539, -0.998993, 0.000946, -0.000471, 0.999052, 0.043537, 0.745022, 0.0, 0.0, 0.0, 1.0],
                [0.999942, -0.0, 0.010809, -5e-06, 0.010799, 0.043539, -0.998993, 0.000946, -0.000471, 0.999052, 0.043537, 0.745111, 0.0, 0.0, 0.0, 1.0],
                [0.999942, -0.0, 0.010809, -5e-06, 0.010799, 0.043539, -0.998993, 0.000946, -0.000471, 0.999052, 0.043537, 0.745124, 0.0, 0.0, 0.0, 1.0],
                [0.999942, -0.0, 0.010809, -5e-06, 0.010799, 0.043539, -0.998993, 0.000946, -0.000471, 0.999052, 0.043537, 0.744572, 0.0, 0.0, 0.0, 1.0],
                [0.999942, -0.0, 0.010809, -5e-06, 0.010799, 0.043539, -0.998993, 0.000946, -0.000471, 0.999052, 0.043537, 0.742982, 0.0, 0.0, 0.0, 1.0],
                [0.999942, -0.0, 0.010809, -5e-06, 0.010799, 0.043539, -0.998993, 0.000946, -0.000471, 0.999052, 0.043537, 0.740452, 0.0, 0.0, 0.0, 1.0],
                [0.999942, -0.0, 0.010809, -5e-06, 0.010799, 0.043539, -0.998993, 0.000946, -0.000471, 0.999052, 0.043537, 0.737078, 0.0, 0.0, 0.0, 1.0],
                [0.999942, -0.0, 0.010809, -5e-06, 0.010799, 0.043539, -0.998993, 0.000946, -0.000471, 0.999052, 0.043537, 0.732959, 0.0, 0.0, 0.0, 1.0],
                [0.999942, -0.0, 0.010809, -5e-06, 0.010799, 0.043539, -0.998993, 0.000946, -0.000471, 0.999052, 0.043537, 0.728193, 0.0, 0.0, 0.0, 1.0],
                [0.999942, -0.0, 0.010809, -5e-06, 0.010799, 0.043539, -0.998993, 0.000946, -0.000471, 0.999052, 0.043537, 0.722875, 0.0, 0.0, 0.0, 1.0],
                [0.999942, -0.0, 0.010809, -5e-06, 0.010799, 0.043539, -0.998993, 0.000946, -0.000471, 0.999052, 0.043537, 0.717105, 0.0, 0.0, 0.0, 1.0],
                [0.999942, -0.0, 0.010809, -5e-06, 0.010799, 0.043539, -0.998993, 0.000946, -0.000471, 0.999052, 0.043537, 0.71098, 0.0, 0.0, 0.0, 1.0],
                [0.999942, -0.0, 0.010809, -5e-06, 0.010799, 0.043539, -0.998993, 0.000946, -0.000471, 0.999052, 0.043537, 0.704597, 0.0, 0.0, 0.0, 1.0]
            ]
        },
        {
            "name": "Thigh_R",
            "time": [1.3333, 1.35, 1.3667, 1.3833, 1.4, 1.4167, 1.4333, 1.45, 1.4667, 1.4833, 1.5, 1.5167, 1.5333, 1.55, 1.5667, 1.5833, 1.6, 1.6167, 1.6333, 1.65, 1.6667, 1.6833, 1.7, 1.7167, 1.7333, 1.75, 1.7667, 1.7833, 1.8, 1.8167, 1.8333, 1.85, 1.8667, 1.8833, 1.9, 1.9167, 1.9333, 1.95, 1.9667, 1.9833, 2.0, 2.0167, 2.0333, 2.05, 2.0667, 2.0833, 2.1, 2.1167, 2.1333, 2.15, 2.1667, 2.1833, 2.2, 2.2167, 2.2333, 2.25, 2.2667, 2.2833, 2.3, 2.3167, 2.3333, 2.35, 2.3667, 2.3833, 2.4, 2.4167, 2.4333, 2.45, 2.4667, 2.4833, 2.5, 2.5167, 2.5333, 2.55, 2.5667, 2.5833, 2.6, 2.6167, 2.6333, 2.65, 2.6667],
            "transform": [
                [0.999226, 0.016615, 0.035657, 0.124994, -0.006604, -0.822695, 0.568442, -0.002831, 0.03878, -0.568237, -0.82195, -1.2e-05, 0.0, 0.0, 0.0, 1.0],
                [0.999228, 0.017688, 0.035074, 0.124994, -0.006601, -0.804565, 0.593825, -0.002831, 0.038723, -0.593597, -0.80383, -1.2e-05, 0.0, 0.0, 0.0, 1.0],
                [0.999232, 0.018682, 0.034435, 0.124994, -0.006516, -0.787465, 0.616323, -0.002831, 0.038631, -0.616073, -0.78674, -1.2e-05, 0.0, 0.0, 0.0, 1.0],
                [0.999238, 0.019579, 0.033762, 0.124994, -0.006353, -0.771928, 0.635677, -0.002831, 0.038508, -0.635406, -0.771217, -1.2e-05, 0.0, 0.0, 0.0, 1.0],
                [0.999245, 0.020367, 0.033077, 0.124994, -0.006114, -0.758442, 0.65171, -0.002831, 0.038361, -0.651419, -0.757747, -1.2e-05, 0.0, 0.0, 0.0, 1.0],
                [0.999253, 0.021036, 0.032401, 0.124994, -0.005804, -0.74745, 0.664291, -0.002831, 0.038192, -0.663982, -0.746772, -1.2e-05, 0.0, 0.0, 0.0, 1.0],
                [0.999262, 0.02158, 0.031754, 0.124994, -0.005428, -0.739351, 0.673297, -0.002831, 0.038007, -0.672971, -0.73869, -1.2e-05, 0.0, 0.0, 0.0, 1.0],
                [0.999272, 0.021993, 0.031156, 0.124994, -0.004992, -0.734495, 0.678594, -0.002831, 0.037808, -0.678255, -0.733852, -1.2e-05, 0.0, 0.0, 0.0, 1.0],
                [0.999282, 0.022272, 0.030626, 0.124994, -0.0045, -0.733179, 0.680019, -0.002831, 0.037599, -0.679668, -0.732555, -1.2e-05, 0.0, 0.0, 0.0, 1.0],
                [0.999293, 0.02241, 0.03018, 0.124994, -0.00396, -0.735641, 0.677358, -0.002831, 0.037382, -0.676998, -0.735034, -1.2e-05, 0.0, 0.0, 0.0, 1.0],
                [0.999303, 0.022402, 0.029836, 0.124994, -0.003379, -0.742046, 0.670339, -0.002831, 0.037157, -0.669971, -0.741455, -1.2e-05, 0.0, 0.0, 0.0, 1.0],
                [0.999314, 0.022156, 0.029669, 0.124994, -0.002763, -0.75438, 0.656431, -0.002831, 0.036926, -0.656062, -0.753803, -1.2e-05, 0.0, 0.0, 0.0, 1.0],
                [0.999324, 0.021621, 0.029715, 0.124994, -0.002124, -0.77326, 0.634084, -0.002831, 0.036687, -0.633718, -0.772693, -1.2e-05, 0.0, 0.0, 0.0, 1.0],
                [0.999335, 0.020841, 0.029924, 0.124994, -0.001475, -0.796824, 0.604208, -0.002831, 0.036436, -0.603849, -0.796265, -1.2e-05, 0.0, 0.0, 0.0, 1.0],
                [0.999345, 0.019849, 0.030249, 0.124994, -0.000827, -0.823323, 0.56757, -0.002831, 0.036171, -0.567222, -0.82277, -1.2e-05, 0.0, 0.0, 0.0, 1.0],
                [0.999355, 0.01868, 0.030647, 0.124994, -0.000189, -0.851129, 0.524953, -0.002831, 0.035891, -0.52462, -0.850579, -1.2e-05, 0.0, 0.0, 0.0, 1.0],
                [0.999366, 0.017371, 0.031075, 0.124994, 0.000433, -0.878742, 0.477294, -0.002831, 0.035598, -0.476977, -0.878194, -1.2e-05, 0.0, 0.0, 0.0, 1.0],
                [0.999376, 0.015966, 0.031495, 0.124994, 0.001035, -0.904802, 0.425828, -0.002831, 0.035296, -0.425529, -0.904256, -1.2e-05, 0.0, 0.0, 0.0, 1.0],
                [0.999386, 0.014527, 0.031871, 0.124994, 0.001618, -0.928104, 0.372312, -0.002831, 0.034988, -0.372032, -0.92756, -1.2e-05, 0.0, 0.0, 0.0, 1.0],
                [0.999396, 0.013142, 0.032168, 0.124994, 0.002183, -0.947637, 0.319335, -0.002831, 0.034681, -0.319072, -0.947096, -1.2e-05, 0.0, 0.0, 0.0, 1.0],
                [0.999405, 0.011938, 0.032357, 0.124994, 0.002736, -0.962661, 0.270689, -0.002831, 0.03438, -0.270439, -0.962123, -1.2e-05, 0.0, 0.0, 0.0, 1.0],
                [0.999413, 0.010879, 0.032472, 0.124994, 0.003275, -0.97422, 0.22557, -0.002831, 0.034089, -0.225331, -0.973686, -1.2e-05, 0.0, 0.0, 0.0, 1.0],
                [0.999421, 0.009811, 0.032574, 0.124994, 0.003797, -0.983698, 0.17978, -0.002831, 0.033806, -0.179552, -0.983168, -1.2e-05, 0.0, 0.0, 0.0, 1.0],
                [0.999428, 0.008719, 0.032665, 0.124994, 0.004301, -0.99111, 0.13296, -0.002831, 0.033534, -0.132743, -0.990583, -1.2e-05, 0.0, 0.0, 0.0, 1.0],
                [0.999434, 0.007577, 0.03275, 0.124994, 0.004785, -0.99641, 0.084503, -0.002831, 0.033273, -0.084298, -0.995885, -1.2e-05, 0.0, 0.0, 0.0, 1.0],
                [0.99944, 0.00634, 0.032832, 0.124994, 0.005248, -0.999432, 0.033228, -0.002831, 0.033024, -0.033037, -0.998909, -1.2e-05, 0.0, 0.0, 0.0, 1.0],
                [0.999446, 0.00492, 0.032913, 0.124994, 0.005691, -0.999708, -0.023382, -0.002831, 0.032789, 0.023557, -0.999185, -1.2e-05, 0.0, 0.0, 0.0, 1.0],
                [0.99945, 0.003001, 0.032999, 0.124994, 0.006111, -0.995499, -0.094557, -0.002831, 0.032567, 0.094707, -0.994973, -1.2e-05, 0.0, 0.0, 0.0, 1.0],
                [0.999455, 0.000662, 0.033001, 0.124994, 0.006508, -0.984119, -0.177378, -0.002831, 0.032359, 0.177495, -0.983589, -1.2e-05, 0.0, 0.0, 0.0, 1.0],
                [0.999458, 0.000454, 0.032891, 0.124994, 0.006881, -0.980667, -0.195555, -0.002831, 0.032166, 0.195675, -0.980141, -1.2e-05, 0.0, 0.0, 0.0, 1.0],
                [0.999462, 0.000259, 0.032793, 0.124994, 0.007227, -0.977124, -0.21254, -0.002831, 0.031988, 0.212662, -0.976602, -1.2e-05, 0.0, 0.0, 0.0, 1.0],
                [0.999465, 7.8e-05, 0.032711, 0.124994, 0.007552, -0.97353, -0.228428, -0.002831, 0.031827, 0.228552, -0.973011, -1.2e-05, 0.0, 0.0, 0.0, 1.0],
                [0.999466, -8.9e-05, 0.03265, 0.124994, 0.007863, -0.969907, -0.243343, -0.002831, 0.031689, 0.243469, -0.969391, -1.2e-05, 0.0, 0.0, 0.0, 1.0],
                [0.999468, -0.000242, 0.032609, 0.124994, 0.008159, -0.966316, -0.257221, -0.002831, 0.031573, 0.25735, -0.965802, -1.2e-05, 0.0, 0.0, 0.0, 1.0],
                [0.999468, -0.000379, 0.032589, 0.124994, 0.008439, -0.962824, -0.269992, -0.002831, 0.03148, 0.270123, -0.962311, -1.2e-05, 0.0, 0.0, 0.0, 1.0],
                [0.999468, -0.0005, 0.032589, 0.124994, 0.008701, -0.959499, -0.28157, -0.002831, 0.03141, 0.281703, -0.958987, -1.2e-05, 0.0, 0.0, 0.0, 1.0],
                [0.999468, -0.000604, 0.032607, 0.124994, 0.008944, -0.956416, -0.291863, -0.002831, 0.031363, 0.291998, -0.955905, -1.2e-05, 0.0, 0.0, 0.0, 1.0],
                [0.999466, -0.00069, 0.032644, 0.124994, 0.009165, -0.953653, -0.300764, -0.002831, 0.031338, 0.300902, -0.95314, -1.2e-05, 0.0, 0.0, 0.0, 1.0],
                [0.999465, -0.000756, 0.032696, 0.124994, 0.009361, -0.951288, -0.308154, -0.002831, 0.031337, 0.308295, -0.950775, -1.2e-05, 0.0, 0.0, 0.0, 1.0],
                [0.999462, 0.00134, 0.032746, 0.124994, 0.009528, -0.967884, -0.251208, -0.002831, 0.031358, 0.251384, -0.967379, -1.2e-05, 0.0, 0.0, 0.0, 1.0],
                [0.99946, 0.003702, 0.032646, 0.124994, 0.009662, -0.982809, -0.184361, -0.002831, 0.031402, 0.184577, -0.982316, -1.2e-05, 0.0, 0.0, 0.0, 1.0],
                [0.999457, 0.0054, 0.032501, 0.124994, 0.009759, -0.990729, -0.13549, -0.002831, 0.031468, 0.135734, -0.990246, -1.2e-05, 0.0, 0.0, 0.0, 1.0],
                [0.999453, 0.006871, 0.032322, 0.124994, 0.009815, -0.995727, -0.091803, -0.002831, 0.031553, 0.09207, -0.995253, -1.2e-05, 0.0, 0.0, 0.0, 1.0],
                [0.99945, 0.008206, 0.032114, 0.124994, 0.009827, -0.998667, -0.050634, -0.002831, 0.031655, 0.050921, -0.998201, -1.2e-05, 0.0, 0.0, 0.0, 1.0],
                [0.999447, 0.009437, 0.03188, 0.124994, 0.009793, -0.999889, -0.011043, -0.002831, 0.031772, 0.011349, -0.999431, -1.2e-05, 0.0, 0.0, 0.0, 1.0],
                [0.999444, 0.010573, 0.031624, 0.124994, 0.00971, -0.999577, 0.027329, -0.002831, 0.0319, -0.027007, -0.999126, -1.2e-05, 0.0, 0.0, 0.0, 1.0],
                [0.99944, 0.011617, 0.031353, 0.124994, 0.009573, -0.997865, 0.064569, -0.002831, 0.032036, -0.064233, -0.997421, -1.2e-05, 0.0, 0.0, 0.0, 1.0],
                [0.999438, 0.012567, 0.031074, 0.124994, 0.009382, -0.99488, 0.100604, -0.002831, 0.032179, -0.100255, -0.994441, -1.2e-05, 0.0, 0.0, 0.0, 1.0],
                [0.999435, 0.013418, 0.030796, 0.124994, 0.009134, -0.990769, 0.135241, -0.002831, 0.032326, -0.134883, -0.990334, -1.2e-05, 0.0, 0.0, 0.0, 1.0],
                [0.999433, 0.01416, 0.03053, 0.124994, 0.008828, -0.985713, 0.168191, -0.002831, 0.032475, -0.167826, -0.985282, -1.2e-05, 0.0, 0.0, 0.0, 1.0],
                [0.999431, 0.014786, 0.030289, 0.124994, 0.008465, -0.979948, 0.199064, -0.002831, 0.032625, -0.198695, -0.979518, -1.2e-05, 0.0, 0.0, 0.0, 1.0],
                [0.99943, 0.015193, 0.030122, 0.124994, 0.00803, -0.974322, 0.22501, -0.002831, 0.032767, -0.224639, -0.973891, -1.2e-05, 0.0, 0.0, 0.0, 1.0],
                [0.99943, 0.015329, 0.030067, 0.124994, 0.007523, -0.969672, 0.244287, -0.002831, 0.032899, -0.243921, -0.969237, -1.2e-05, 0.0, 0.0, 0.0, 1.0],
                [0.99943, 0.015241, 0.03012, 0.124994, 0.006966, -0.966178, 0.257775, -0.002831, 0.03303, -0.257418, -0.965735, -1.2e-05, 0.0, 0.0, 0.0, 1.0],
                [0.999429, 0.01497, 0.030275, 0.124994, 0.006375, -0.963908, 0.266153, -0.002831, 0.033167, -0.265808, -0.963455, -1.2e-05, 0.0, 0.0, 0.0, 1.0],
                [0.999428, 0.014548, 0.030522, 0.124994, 0.005767, -0.962813, 0.270102, -0.002831, 0.033316, -0.269771, -0.962348, -1.2e-05, 0.0, 0.0, 0.0, 1.0],
                [0.999426, 0.014013, 0.030844, 0.124994, 0.005151, -0.962712, 0.270474, -0.002831, 0.033484, -0.270159, -0.962233, -1.2e-05, 0.0, 0.0, 0.0, 1.0],
                [0.999422, 0.013408, 0.03122, 0.124994, 0.004537, -0.963274, 0.268475, -0.002831, 0.033673, -0.268178, -0.962781, -1.2e-05, 0.0, 0.0, 0.0, 1.0],
                [0.999418, 0.012795, 0.031622, 0.124994, 0.003928, -0.963992, 0.265893, -0.002831, 0.033885, -0.265614, -0.963484, -1.2e-05, 0.0, 0.0, 0.0, 1.0],
                [0.999412, 0.012262, 0.032015, 0.124994, 0.003328, -0.964134, 0.265386, -0.002831, 0.034121, -0.265123, -0.963611, -1.2e-05, 0.0, 0.0, 0.0, 1.0],
                [0.999405, 0.011938, 0.032357, 0.124994, 0.002736, -0.962661, 0.270689, -0.002831, 0.03438, -0.270439, -0.962123, -1.2e-05, 0.0, 0.0, 0.0, 1.0],
                [0.999397, 0.011783, 0.032662, 0.124994, 0.002145, -0.959814, 0.280622, -0.002831, 0.034656, -0.280382, -0.959263, -1.2e-05, 0.0, 0.0, 0.0, 1.0],
                [0.999388, 0.011645, 0.032982, 0.124994, 0.001551, -0.956775, 0.290818, -0.002831, 0.034943, -0.290588, -0.95621, -1.2e-05, 0.0, 0.0, 0.0, 1.0],
                [0.999378, 0.011513, 0.033319, 0.124994, 0.000952, -0.953635, 0.300956, -0.002831, 0.035239, -0.300737, -0.953056, -1.2e-05, 0.0, 0.0, 0.0, 1.0],
                [0.999368, 0.011376, 0.033673, 0.124994, 0.000352, -0.950509, 0.31069, -0.002831, 0.035541, -0.310482, -0.949915, -1.2e-05, 0.0, 0.0, 0.0, 1.0],
                [0.999357, 0.011222, 0.034046, 0.124994, -0.00025, -0.947533, 0.319653, -0.002831, 0.035847, -0.319455, -0.946923, -1.2e-05, 0.0, 0.0, 0.0, 1.0],
                [0.999345, 0.011037, 0.034439, 0.124994, -0.000849, -0.944869, 0.327441, -0.002831, 0.036154, -0.327255, -0.944244, -1.2e-05, 0.0, 0.0, 0.0, 1.0],
                [0.999334, 0.010804, 0.034853, 0.124994, -0.001443, -0.942712, 0.3336, -0.002831, 0.03646, -0.333427, -0.94207, -1.2e-05, 0.0, 0.0, 0.0, 1.0],
                [0.999322, 0.010503, 0.035288, 0.124994, -0.002029, -0.941282, 0.337611, -0.002831, 0.036762, -0.337453, -0.940624, -1.2e-05, 0.0, 0.0, 0.0, 1.0],
                [0.999309, 0.010104, 0.035748, 0.124994, -0.002601, -0.940908, 0.338646, -0.002831, 0.037058, -0.338504, -0.940235, -1.2e-05, 0.0, 0.0, 0.0, 1.0],
                [0.999297, 0.009566, 0.036235, 0.124994, -0.003155, -0.941965, 0.33569, -0.002831, 0.037343, -0.335568, -0.941276, -1.2e-05, 0.0, 0.0, 0.0, 1.0],
                [0.999285, 0.00907, 0.036691, 0.124994, -0.003686, -0.942758, 0.333451, -0.002831, 0.037615, -0.333347, -0.942053, -1.2e-05, 0.0, 0.0, 0.0, 1.0],
                [0.999274, 0.008923, 0.03704, 0.124994, -0.004192, -0.940532, 0.339673, -0.002831, 0.037868, -0.339581, -0.939814, -1.2e-05, 0.0, 0.0, 0.0, 1.0],
                [0.999263, 0.009222, 0.037258, 0.124994, -0.004668, -0.9343, 0.356453, -0.002831, 0.038098, -0.356363, -0.93357, -1.2e-05, 0.0, 0.0, 0.0, 1.0],
                [0.999253, 0.009921, 0.037344, 0.124994, -0.005107, -0.924086, 0.382146, -0.002831, 0.0383, -0.382051, -0.923347, -1.2e-05, 0.0, 0.0, 0.0, 1.0],
                [0.999244, 0.010881, 0.03731, 0.124994, -0.005503, -0.910718, 0.412987, -0.002831, 0.038472, -0.41288, -0.909972, -1.2e-05, 0.0, 0.0, 0.0, 1.0],
                [0.999237, 0.011982, 0.037167, 0.124994, -0.00585, -0.895094, 0.445836, -0.002831, 0.03861, -0.445712, -0.894343, -1.2e-05, 0.0, 0.0, 0.0, 1.0],
                [0.999231, 0.013143, 0.036926, 0.124994, -0.006141, -0.877972, 0.47867, -0.002831, 0.038711, -0.478528, -0.877218, -1.2e-05, 0.0, 0.0, 0.0, 1.0],
                [0.999227, 0.014322, 0.03659, 0.124994, -0.006368, -0.859868, 0.510474, -0.002831, 0.038774, -0.510312, -0.859114, -1.2e-05, 0.0, 0.0, 0.0, 1.0],
                [0.999225, 0.015487, 0.036165, 0.124994, -0.006525, -0.841288, 0.540545, -0.002831, 0.038797, -0.540361, -0.840538, -1.2e-05, 0.0, 0.0, 0.0, 1.0],
                [0.999226, 0.016615, 0.035657, 0.124994, -0.006604, -0.822695, 0.568442, -0.002831, 0.03878, -0.568237, -0.82195, -1.2e-05, 0.0, 0.0, 0.0, 1.0]
            ]
        },
        {
            "name": "Leg_R",
            "time": [1.3333, 1.35, 1.3667, 1.3833, 1.4, 1.4167, 1.4333, 1.45, 1.4667, 1.4833, 1.5, 1.5167, 1.5333, 1.55, 1.5667, 1.5833, 1.6, 1.6167, 1.6333, 1.65, 1.6667, 1.6833, 1.7, 1.7167, 1.7333, 1.75, 1.7667, 1.7833, 1.8, 1.8167, 1.8333, 1.85, 1.8667, 1.8833, 1.9, 1.9167, 1.9333, 1.95, 1.9667, 1.9833, 2.0, 2.0167, 2.0333, 2.05, 2.0667, 2.0833, 2.1, 2.1167, 2.1333, 2.15, 2.1667, 2.1833, 2.2, 2.2167, 2.2333, 2.25, 2.2667, 2.2833, 2.3, 2.3167, 2.3333, 2.35, 2.3667, 2.3833, 2.4, 2.4167, 2.4333, 2.45, 2.4667, 2.4833, 2.5, 2.5167, 2.5333, 2.55, 2.5667, 2.5833, 2.6, 2.6167, 2.6333, 2.65, 2.6667],
            "transform": [
                [1.0, -0.0, 1e-06, -0.0, -0.0, 0.84629, 0.532726, 0.374726, -1e-06, -0.532727, 0.846285, 0.0, 0.0, 0.0, 0.0, 1.0],
                [1.0, -0.0, 1e-06, -0.0, -0.0, 0.813042, 0.582207, 0.374726, -1e-06, -0.582208, 0.813038, -0.0, 0.0, 0.0, 0.0, 1.0],
                [1.0, -0.0, 1e-06, 0.0, -0.0, 0.777783, 0.628535, 0.374726, -1e-06, -0.628536, 0.777778, 0.0, 0.0, 0.0, 0.0, 1.0],
                [1.0, -1e-06, 1e-06, -0.0, -0.0, 0.741492, 0.670963, 0.374726, -1e-06, -0.670964, 0.741488, -0.0, 0.0, 0.0, 0.0, 1.0],
                [1.0, -1e-06, 1e-06, -0.0, -0.0, 0.705171, 0.709039, 0.374726, -1e-06, -0.70904, 0.705167, 0.0, 0.0, 0.0, 0.0, 1.0],
                [1.0, -1e-06, 1e-06, -0.0, -0.0, 0.669826, 0.742519, 0.374726, -1e-06, -0.74252, 0.669822, -0.0, 0.0, 0.0, 0.0, 1.0],
                [1.0, -1e-06, 1e-06, -0.0, -0.0, 0.636471, 0.771301, 0.374726, -1e-06, -0.771303, 0.636468, -0.0, 0.0, 0.0, 0.0, 1.0],
                [1.0, -1e-06, 1e-06, -0.0, -0.0, 0.606121, 0.795373, 0.374726, -1e-06, -0.795374, 0.606118, -0.0, 0.0, 0.0, 0.0, 1.0],
                [1.0, -1e-06, 1e-06, -0.0, -0.0, 0.579796, 0.814762, 0.374726, -1e-06, -0.814763, 0.579793, 0.0, 0.0, 0.0, 0.0, 1.0],
                [1.0, -1e-06, 1e-06, -0.0, -0.0, 0.55852, 0.829491, 0.374726, -1e-06, -0.829493, 0.558517, 0.0, 0.0, 0.0, 0.0, 1.0],
                [1.0, -1e-06, 1e-06, -0.0, -0.0, 0.543331, 0.839519, 0.374726, -1e-06, -0.83952, 0.543328, 0.0, 0.0, 0.0, 0.0, 1.0],
                [1.0, -1e-06, 1e-06, -0.0, -0.0, 0.539729, 0.841839, 0.374726, -1e-06, -0.841841, 0.539725, 0.0, 0.0, 0.0, 0.0, 1.0],
                [1.0, -1e-06, 1e-06, -0.0, -0.0, 0.550818, 0.834626, 0.374726, -1e-06, -0.834627, 0.550815, 0.0, 0.0, 0.0, 0.0, 1.0],
                [1.0, -1e-06, 1e-06, -0.0, -0.0, 0.574116, 0.818774, 0.374726, -1e-06, -0.818776, 0.574113, 0.0, 0.0, 0.0, 0.0, 1.0],
                [1.0, -1e-06, 1e-06, -0.0, -0.0, 0.607126, 0.794606, 0.374726, -1e-06, -0.794607, 0.607123, 0.0, 0.0, 0.0, 0.0, 1.0],
                [1.0, -1e-06, 1e-06, -0.0, -0.0, 0.647239, 0.762288, 0.374726, -1e-06, -0.762289, 0.647236, 0.0, 0.0, 0.0, 0.0, 1.0],
                [1.0, -1e-06, 1e-06, -0.0, -0.0, 0.691661, 0.722223, 0.374726, -1e-06, -0.722225, 0.691657, -0.0, 0.0, 0.0, 0.0, 1.0],
                [1.0, -1e-06, 1e-06, -0.0, -0.0, 0.737384, 0.675475, 0.374726, -1e-06, -0.675476, 0.73738, -0.0, 0.0, 0.0, 0.0, 1.0],
                [1.0, -0.0, 1e-06, -0.0, -0.0, 0.781179, 0.62431, 0.374726, -1e-06, -0.624311, 0.781174, -0.0, 0.0, 0.0, 0.0, 1.0],
                [1.0, -0.0, 1e-06, -0.0, -0.0, 0.819618, 0.572913, 0.374726, -1e-06, -0.572914, 0.819613, 0.0, 0.0, 0.0, 0.0, 1.0],
                [1.0, -0.0, 1e-06, -0.0, -0.0, 0.849137, 0.528176, 0.374726, -1e-06, -0.528177, 0.849132, -0.0, 0.0, 0.0, 0.0, 1.0],
                [1.0, -0.0, 1e-06, -0.0, -0.0, 0.872228, 0.489103, 0.374726, -1e-06, -0.489103, 0.872223, -0.0, 0.0, 0.0, 0.0, 1.0],
                [1.0, -0.0, 1e-06, -0.0, -0.0, 0.89399, 0.448091, 0.374726, -1e-06, -0.448092, 0.893985, -0.0, 0.0, 0.0, 0.0, 1.0],
                [1.0, -0.0, 1e-06, -0.0, -0.0, 0.914686, 0.40417, 0.374726, -1e-06, -0.404171, 0.914681, -0.0, 0.0, 0.0, 0.0, 1.0],
                [1.0, -0.0, 1e-06, -0.0, -0.0, 0.934552, 0.355831, 0.374726, -1e-06, -0.355832, 0.934547, -0.0, 0.0, 0.0, 0.0, 1.0],
                [1.0, -0.0, 1e-06, -0.0, -0.0, 0.953825, 0.300372, 0.374726, -1e-06, -0.300373, 0.953819, 0.0, 0.0, 0.0, 0.0, 1.0],
                [1.0, -0.0, 1e-06, -0.0, -0.0, 0.972646, 0.232304, 0.374726, -1e-06, -0.232305, 0.972641, -0.0, 0.0, 0.0, 0.0, 1.0],
                [1.0, -0.0, 1e-06, -0.0, -0.0, 0.991198, 0.132406, 0.374726, -1e-06, -0.132406, 0.991193, -0.0, 0.0, 0.0, 0.0, 1.0],
                [1.0, -0.0, 1e-06, -0.0, -0.0, 0.999992, 0.004682, 0.374726, -1e-06, -0.004683, 0.999986, 0.0, 0.0, 0.0, 0.0, 1.0],
                [1.0, -0.0, 1e-06, 0.0, -0.0, 0.999992, 0.004687, 0.374726, -1e-06, -0.004688, 0.999986, -0.0, 0.0, 0.0, 0.0, 1.0],
                [1.0, -0.0, 1e-06, -0.0, -0.0, 0.999992, 0.004693, 0.374726, -1e-06, -0.004693, 0.999986, 0.0, 0.0, 0.0, 0.0, 1.0],
                [1.0, -0.0, 1e-06, -0.0, -0.0, 0.999991, 0.004697, 0.374726, -1e-06, -0.004697, 0.999986, 0.0, 0.0, 0.0, 0.0, 1.0],
                [1.0, -0.0, 1e-06, -0.0, -0.0, 0.999992, 0.004699, 0.374726, -1e-06, -0.004699, 0.999986, 0.0, 0.0, 0.0, 0.0, 1.0],
                [1.0, -0.0, 1e-06, -0.0, -0.0, 0.999992, 0.0047, 0.374726, -1e-06, -0.0047, 0.999986, -0.0, 0.0, 0.0, 0.0, 1.0],
                [1.0, -0.0, 1e-06, -0.0, -0.0, 0.999992, 0.0047, 0.374726, -1e-06, -0.0047, 0.999986, 0.0, 0.0, 0.0, 0.0, 1.0],
                [1.0, -0.0, 1e-06, -0.0, -0.0, 0.999992, 0.004698, 0.374726, -1e-06, -0.004698, 0.999986, -0.0, 0.0, 0.0, 0.0, 1.0],
                [1.0, -0.0, 1e-06, -0.0, -0.0, 0.999992, 0.004695, 0.374726, -1e-06, -0.004695, 0.999986, 0.0, 0.0, 0.0, 0.0, 1.0],
                [1.0, -0.0, 1e-06, -0.0, -0.0, 0.999992, 0.00469, 0.374726, -1e-06, -0.00469, 0.999986, -0.0, 0.0, 0.0, 0.0, 1.0],
                [1.0, -0.0, 1e-06, -0.0, -0.0, 0.999992, 0.004684, 0.374726, -1e-06, -0.004685, 0.999986, 0.0, 0.0, 0.0, 0.0, 1.0],
                [1.0, -0.0, 1e-06, -0.0, -0.0, 0.990854, 0.134958, 0.374726, -1e-06, -0.134958, 0.990848, -0.0, 0.0, 0.0, 0.0, 1.0],
                [1.0, -0.0, 1e-06, -0.0, -0.0, 0.960881, 0.276971, 0.374726, -1e-06, -0.276972, 0.960875, 0.0, 0.0, 0.0, 0.0, 1.0],
                [1.0, -0.0, 1e-06, -0.0, -0.0, 0.927229, 0.374499, 0.374726, -1e-06, -0.3745, 0.927224, 0.0, 0.0, 0.0, 0.0, 1.0],
                [1.0, -0.0, 1e-06, -0.0, -0.0, 0.890743, 0.454511, 0.374726, -1e-06, -0.454512, 0.890738, 0.0, 0.0, 0.0, 0.0, 1.0],
                [1.0, -0.0, 1e-06, -0.0, -0.0, 0.852442, 0.522825, 0.374726, -1e-06, -0.522826, 0.852437, -0.0, 0.0, 0.0, 0.0, 1.0],
                [1.0, -0.0, 1e-06, -0.0, -0.0, 0.813377, 0.581739, 0.374726, -1e-06, -0.58174, 0.813373, -0.0, 0.0, 0.0, 0.0, 1.0],
                [1.0, -0.0, 1e-06, -0.0, -0.0, 0.774601, 0.632452, 0.374726, -1e-06, -0.632453, 0.774597, 0.0, 0.0, 0.0, 0.0, 1.0],
                [1.0, -1e-06, 1e-06, -0.0, -0.0, 0.73717, 0.675709, 0.374726, -1e-06, -0.67571, 0.737166, -0.0, 0.0, 0.0, 0.0, 1.0],
                [1.0, -1e-06, 1e-06, -0.0, -0.0, 0.702142, 0.712038, 0.374726, -1e-06, -0.71204, 0.702138, -0.0, 0.0, 0.0, 0.0, 1.0],
                [1.0, -1e-06, 1e-06, -0.0, -0.0, 0.67058, 0.741838, 0.374726, -1e-06, -0.74184, 0.670576, 0.0, 0.0, 0.0, 0.0, 1.0],
                [1.0, -1e-06, 1e-06, -0.0, -0.0, 0.643551, 0.765404, 0.374726, -1e-06, -0.765405, 0.643547, -0.0, 0.0, 0.0, 0.0, 1.0],
                [1.0, -1e-06, 1e-06, -0.0, -0.0, 0.622136, 0.782909, 0.374726, -1e-06, -0.782911, 0.622133, -0.0, 0.0, 0.0, 0.0, 1.0],
                [1.0, -1e-06, 1e-06, -0.0, -0.0, 0.611878, 0.790952, 0.374726, -1e-06, -0.790954, 0.611875, -0.0, 0.0, 0.0, 0.0, 1.0],
                [1.0, -1e-06, 1e-06, -0.0, -0.0, 0.615925, 0.787805, 0.374726, -1e-06, -0.787807, 0.615922, 0.0, 0.0, 0.0, 0.0, 1.0],
                [1.0, -1e-06, 1e-06, -0.0, -0.0, 0.631837, 0.775102, 0.374726, -1e-06, -0.775103, 0.631834, 0.0, 0.0, 0.0, 0.0, 1.0],
                [1.0, -1e-06, 1e-06, 0.0, -0.0, 0.657161, 0.753751, 0.374726, -1e-06, -0.753752, 0.657157, -0.0, 0.0, 0.0, 0.0, 1.0],
                [1.0, -1e-06, 1e-06, -0.0, -0.0, 0.689328, 0.72445, 0.374726, -1e-06, -0.724452, 0.689325, -0.0, 0.0, 0.0, 0.0, 1.0],
                [1.0, -1e-06, 1e-06, -0.0, -0.0, 0.72559, 0.688128, 0.374726, -1e-06, -0.68813, 0.725586, -0.0, 0.0, 0.0, 0.0, 1.0],
                [1.0, -0.0, 1e-06, -0.0, -0.0, 0.762982, 0.646422, 0.374726, -1e-06, -0.646423, 0.762977, 0.0, 0.0, 0.0, 0.0, 1.0],
                [1.0, -0.0, 1e-06, -0.0, -0.0, 0.798315, 0.602242, 0.374726, -1e-06, -0.602243, 0.798311, 0.0, 0.0, 0.0, 0.0, 1.0],
                [1.0, -0.0, 1e-06, -0.0, -0.0, 0.828207, 0.560424, 0.374726, -1e-06, -0.560426, 0.828203, 0.0, 0.0, 0.0, 0.0, 1.0],
                [1.0, -0.0, 1e-06, -0.0, -0.0, 0.849137, 0.528176, 0.374726, -1e-06, -0.528177, 0.849132, -0.0, 0.0, 0.0, 0.0, 1.0],
                [1.0, -0.0, 1e-06, -0.0, -0.0, 0.863639, 0.504114, 0.374726, -1e-06, -0.504115, 0.863634, 0.0, 0.0, 0.0, 0.0, 1.0],
                [1.0, -0.0, 1e-06, -0.0, -0.0, 0.876855, 0.480758, 0.374726, -1e-06, -0.480759, 0.87685, -0.0, 0.0, 0.0, 0.0, 1.0],
                [1.0, -0.0, 1e-06, -0.0, -0.0, 0.889094, 0.457728, 0.374726, -1e-06, -0.457729, 0.889089, -0.0, 0.0, 0.0, 0.0, 1.0],
                [1.0, -0.0, 1e-06, -0.0, -0.0, 0.900642, 0.434567, 0.374726, -1e-06, -0.434568, 0.900637, -0.0, 0.0, 0.0, 0.0, 1.0],
                [1.0, -0.0, 1e-06, -0.0, -0.0, 0.911745, 0.410762, 0.374726, -1e-06, -0.410763, 0.91174, 0.0, 0.0, 0.0, 0.0, 1.0],
                [1.0, -0.0, 1e-06, -0.0, -0.0, 0.922624, 0.385705, 0.374726, -1e-06, -0.385706, 0.922619, -0.0, 0.0, 0.0, 0.0, 1.0],
                [1.0, -0.0, 1e-06, -0.0, -0.0, 0.933469, 0.358664, 0.374726, -1e-06, -0.358664, 0.933464, -0.0, 0.0, 0.0, 0.0, 1.0],
                [1.0, -0.0, 1e-06, -0.0, -0.0, 0.944418, 0.328754, 0.374726, -1e-06, -0.328755, 0.944413, 0.0, 0.0, 0.0, 0.0, 1.0],
                [1.0, -0.0, 1e-06, -0.0, -0.0, 0.955674, 0.294436, 0.374726, -1e-06, -0.294437, 0.955668, 0.0, 0.0, 0.0, 0.0, 1.0],
                [1.0, -0.0, 1e-06, -0.0, -0.0, 0.967271, 0.253754, 0.374726, -1e-06, -0.253755, 0.967266, -0.0, 0.0, 0.0, 0.0, 1.0],
                [1.0, -0.0, 1e-06, -0.0, -0.0, 0.976328, 0.216305, 0.374726, -1e-06, -0.216305, 0.976323, -0.0, 0.0, 0.0, 0.0, 1.0],
                [1.0, -0.0, 1e-06, -0.0, -0.0, 0.980151, 0.198266, 0.374726, -1e-06, -0.198266, 0.980145, 0.0, 0.0, 0.0, 0.0, 1.0],
                [1.0, -0.0, 1e-06, -0.0, -0.0, 0.978861, 0.204539, 0.374726, -1e-06, -0.204539, 0.978856, -0.0, 0.0, 0.0, 0.0, 1.0],
                [1.0, -0.0, 1e-06, -0.0, -0.0, 0.972673, 0.232192, 0.374726, -1e-06, -0.232192, 0.972667, -0.0, 0.0, 0.0, 0.0, 1.0],
                [1.0, -0.0, 1e-06, -0.0, -0.0, 0.96182, 0.273692, 0.374726, -1e-06, -0.273693, 0.961814, 0.0, 0.0, 0.0, 0.0, 1.0],
                [1.0, -0.0, 1e-06, -0.0, -0.0, 0.946526, 0.322635, 0.374726, -1e-06, -0.322635, 0.946521, -0.0, 0.0, 0.0, 0.0, 1.0],
                [1.0, -0.0, 1e-06, -0.0, -0.0, 0.927093, 0.374837, 0.374726, -1e-06, -0.374838, 0.927088, 0.0, 0.0, 0.0, 0.0, 1.0],
                [1.0, -0.0, 1e-06, -0.0, -0.0, 0.903703, 0.428165, 0.374726, -1e-06, -0.428166, 0.903698, 0.0, 0.0, 0.0, 0.0, 1.0],
                [1.0, -0.0, 1e-06, -0.0, -0.0, 0.87666, 0.481113, 0.374726, -1e-06, -0.481114, 0.876655, 0.0, 0.0, 0.0, 0.0, 1.0],
                [1.0, -0.0, 1e-06, -0.0, -0.0, 0.84629, 0.532726, 0.374726, -1e-06, -0.532727, 0.846285, 0.0, 0.0, 0.0, 0.0, 1.0]
            ]
        },
        {
            "name": "Knee_R",
            "time": [2.6667],
            "transform": [
                [1.0, 0.0, -0.0, -0.0, -0.0, 0.00567, -0.999984, 0.37755, -0.0, 0.999984, 0.00567, -1.6e-05, 0.0, 0.0, 0.0, 1.0]
            ]
        },
        {
            "name": "Thigh_L",
            "time": [1.3333, 1.35, 1.3667, 1.3833, 1.4, 1.4167, 1.4333, 1.45, 1.4667, 1.4833, 1.5, 1.5167, 1.5333, 1.55, 1.5667, 1.5833, 1.6, 1.6167, 1.6333, 1.65, 1.6667, 1.6833, 1.7, 1.7167, 1.7333, 1.75, 1.7667, 1.7833, 1.8, 1.8167, 1.8333, 1.85, 1.8667, 1.8833, 1.9, 1.9167, 1.9333, 1.95, 1.9667, 1.9833, 2.0, 2.0167, 2.0333, 2.05, 2.0667, 2.0833, 2.1, 2.1167, 2.1333, 2.15, 2.1667, 2.1833, 2.2, 2.2167, 2.2333, 2.25, 2.2667, 2.2833, 2.3, 2.3167, 2.3333, 2.35, 2.3667, 2.3833, 2.4, 2.4167, 2.4333, 2.45, 2.4667, 2.4833, 2.5, 2.5167, 2.5333, 2.55, 2.5667, 2.5833, 2.6, 2.6167, 2.6333, 2.65, 2.6667],
            "transform": [
                [0.998753, -0.047281, 0.016011, -0.125006, -0.049726, -0.970508, 0.235881, -0.002831, 0.004386, -0.236383, -0.97165, -1.2e-05, 0.0, 0.0, 0.0, 1.0],
                [0.998731, -0.047461, 0.016835, -0.125006, -0.050192, -0.96526, 0.256424, -0.002831, 0.00408, -0.256943, -0.966417, -1.2e-05, 0.0, 0.0, 0.0, 1.0],
                [0.998714, -0.047522, 0.017651, -0.125006, -0.050557, -0.959247, 0.278007, -0.002831, 0.003721, -0.278542, -0.960417, -1.2e-05, 0.0, 0.0, 0.0, 1.0],
                [0.998703, -0.047459, 0.01844, -0.125006, -0.050807, -0.952526, 0.300187, -0.002831, 0.003318, -0.300734, -0.953702, -1.2e-05, 0.0, 0.0, 0.0, 1.0],
